	Siciliano	Calabrese_Northern	Italian	Spanish	French	Portuguese	Romanian	Greek_Calabria	Greek	Greek_Cypriot	English	Dutch	Afrikaans	German	Danish	Icelandic	Faroese	Norwegian	Bulgarian	Serbo-Croatian	Slovenian	Polish	Russian	Irish	Welsh	Marathi	Hindi	Pashto	Tamil	Telugu	Mandarin	Cantonese	Japanese	Korean	Arabic	Hebrew	Hungarian	Khanty	Estonian	Finnish	Mari	Udmurt	Yukaghir	Even_1	Even_2	Evenki	Yakut	Uzbek	Kazakh	Kirghiz	Turkish	Buryat	Basque_Central	Basque_Western	Wolof	Malagasy	Archi	Lak
Siciliano	0.0	0.042	0.021	0.053	0.053	0.032	0.063	0.074	0.105	0.105	0.053	0.053	0.063	0.063	0.063	0.095	0.063	0.063	0.074	0.063	0.063	0.053	0.063	0.095	0.095	0.074	0.063	0.063	0.084	0.084	0.063	0.063	0.063	0.053	0.126	0.105	0.126	0.126	0.105	0.116	0.116	0.105	0.105	0.116	0.116	0.116	0.116	0.105	0.105	0.105	0.105	0.095	0.126	0.137	0.158	0.137	0.095	0.095
Calabrese_Northern	0.042	0.0	0.032	0.063	0.084	0.063	0.053	0.063	0.095	0.095	0.074	0.074	0.084	0.074	0.063	0.084	0.063	0.063	0.084	0.063	0.063	0.053	0.063	0.105	0.105	0.084	0.074	0.074	0.095	0.095	0.074	0.074	0.074	0.063	0.095	0.095	0.147	0.126	0.105	0.116	0.116	0.105	0.116	0.116	0.116	0.116	0.116	0.105	0.105	0.105	0.105	0.105	0.126	0.137	0.168	0.137	0.095	0.095
Italian	0.021	0.032	0.0	0.053	0.053	0.032	0.053	0.084	0.105	0.105	0.063	0.063	0.074	0.074	0.053	0.084	0.053	0.053	0.095	0.063	0.063	0.053	0.063	0.116	0.116	0.074	0.063	0.063	0.084	0.084	0.063	0.063	0.063	0.053	0.116	0.095	0.137	0.126	0.105	0.116	0.116	0.105	0.105	0.116	0.116	0.116	0.116	0.105	0.105	0.105	0.105	0.095	0.126	0.137	0.168	0.137	0.095	0.095
Spanish	0.053	0.063	0.053	0.0	0.053	0.021	0.074	0.084	0.084	0.084	0.063	0.042	0.053	0.053	0.063	0.084	0.063	0.063	0.084	0.063	0.063	0.053	0.063	0.105	0.105	0.063	0.053	0.042	0.084	0.084	0.053	0.053	0.053	0.042	0.137	0.137	0.147	0.126	0.105	0.116	0.116	0.105	0.116	0.105	0.105	0.105	0.105	0.095	0.095	0.095	0.095	0.105	0.105	0.116	0.179	0.147	0.095	0.095
French	0.053	0.084	0.053	0.053	0.0	0.042	0.074	0.084	0.095	0.095	0.063	0.063	0.074	0.074	0.074	0.095	0.074	0.074	0.105	0.084	0.084	0.084	0.084	0.084	0.084	0.063	0.053	0.042	0.095	0.095	0.042	0.042	0.053	0.042	0.137	0.105	0.147	0.147	0.105	0.126	0.137	0.126	0.126	0.116	0.116	0.116	0.116	0.105	0.105	0.105	0.105	0.116	0.126	0.137	0.158	0.126	0.105	0.105
Portuguese	0.032	0.063	0.032	0.021	0.042	0.0	0.074	0.084	0.105	0.105	0.063	0.042	0.053	0.053	0.063	0.084	0.063	0.063	0.095	0.063	0.063	0.053	0.063	0.105	0.105	0.074	0.063	0.053	0.084	0.084	0.063	0.063	0.063	0.053	0.147	0.126	0.137	0.126	0.105	0.116	0.116	0.105	0.105	0.116	0.116	0.116	0.116	0.105	0.105	0.105	0.105	0.095	0.116	0.126	0.168	0.147	0.095	0.095
Romanian	0.063	0.053	0.053	0.074	0.074	0.074	0.0	0.074	0.105	0.105	0.084	0.074	0.084	0.084	0.063	0.095	0.074	0.074	0.095	0.074	0.074	0.074	0.074	0.116	0.116	0.074	0.063	0.053	0.084	0.084	0.063	0.063	0.074	0.063	0.105	0.105	0.168	0.137	0.105	0.126	0.126	0.116	0.116	0.126	0.126	0.126	0.126	0.116	0.116	0.116	0.116	0.105	0.116	0.126	0.168	0.158	0.095	0.095
Greek_Calabria	0.074	0.063	0.084	0.084	0.084	0.084	0.074	0.0	0.042	0.042	0.063	0.063	0.074	0.053	0.074	0.084	0.074	0.074	0.084	0.053	0.053	0.053	0.053	0.084	0.084	0.084	0.074	0.063	0.105	0.105	0.063	0.063	0.074	0.063	0.116	0.116	0.126	0.116	0.105	0.116	0.105	0.116	0.126	0.105	0.105	0.105	0.105	0.095	0.095	0.095	0.095	0.116	0.147	0.158	0.126	0.116	0.084	0.084
Greek	0.105	0.095	0.105	0.084	0.095	0.105	0.105	0.042	0.0	0.0	0.063	0.063	0.074	0.053	0.074	0.084	0.074	0.074	0.084	0.042	0.042	0.042	0.042	0.095	0.095	0.074	0.063	0.053	0.105	0.105	0.053	0.053	0.063	0.053	0.126	0.147	0.116	0.116	0.105	0.116	0.105	0.116	0.137	0.095	0.095	0.095	0.095	0.084	0.084	0.084	0.084	0.126	0.147	0.137	0.158	0.126	0.084	0.084
Greek_Cypriot	0.105	0.095	0.105	0.084	0.095	0.105	0.105	0.042	0.0	0.0	0.063	0.063	0.074	0.053	0.074	0.084	0.074	0.074	0.084	0.042	0.042	0.042	0.042	0.095	0.095	0.074	0.063	0.053	0.105	0.105	0.053	0.053	0.063	0.053	0.126	0.147	0.116	0.116	0.105	0.116	0.105	0.116	0.137	0.095	0.095	0.095	0.095	0.084	0.084	0.084	0.084	0.126	0.147	0.137	0.158	0.126	0.084	0.084
English	0.053	0.074	0.063	0.063	0.063	0.063	0.084	0.063	0.063	0.063	0.0	0.032	0.021	0.042	0.032	0.053	0.032	0.032	0.084	0.053	0.053	0.053	0.053	0.074	0.074	0.074	0.063	0.053	0.074	0.074	0.053	0.053	0.053	0.042	0.116	0.105	0.116	0.105	0.074	0.095	0.095	0.084	0.095	0.105	0.105	0.105	0.105	0.084	0.095	0.095	0.095	0.095	0.095	0.105	0.147	0.116	0.084	0.084
Dutch	0.053	0.074	0.063	0.042	0.063	0.042	0.074	0.063	0.063	0.063	0.032	0.0	0.011	0.011	0.032	0.042	0.032	0.032	0.074	0.042	0.042	0.042	0.042	0.074	0.074	0.063	0.053	0.042	0.063	0.063	0.053	0.053	0.053	0.042	0.126	0.116	0.137	0.116	0.084	0.105	0.105	0.095	0.105	0.116	0.116	0.116	0.116	0.095	0.105	0.105	0.105	0.105	0.095	0.105	0.147	0.137	0.074	0.074
Afrikaans	0.063	0.084	0.074	0.053	0.074	0.053	0.084	0.074	0.074	0.074	0.021	0.011	0.0	0.021	0.042	0.053	0.042	0.042	0.084	0.053	0.053	0.053	0.053	0.084	0.084	0.074	0.063	0.053	0.074	0.074	0.053	0.053	0.053	0.042	0.126	0.116	0.126	0.105	0.074	0.095	0.095	0.084	0.095	0.105	0.105	0.105	0.105	0.084	0.095	0.095	0.095	0.095	0.084	0.095	0.158	0.126	0.084	0.084
German	0.063	0.074	0.074	0.053	0.074	0.053	0.084	0.053	0.053	0.053	0.042	0.011	0.021	0.0	0.042	0.032	0.042	0.042	0.084	0.032	0.032	0.042	0.042	0.063	0.063	0.074	0.063	0.053	0.074	0.074	0.063	0.063	0.063	0.053	0.126	0.116	0.137	0.116	0.084	0.105	0.105	0.095	0.116	0.116	0.116	0.116	0.116	0.095	0.105	0.105	0.105	0.116	0.105	0.116	0.147	0.137	0.074	0.074
Danish	0.063	0.063	0.053	0.063	0.074	0.063	0.063	0.074	0.074	0.074	0.032	0.032	0.042	0.042	0.0	0.032	0.011	0.021	0.084	0.042	0.042	0.042	0.042	0.084	0.084	0.063	0.053	0.042	0.063	0.063	0.053	0.053	0.053	0.042	0.116	0.105	0.147	0.116	0.084	0.105	0.105	0.095	0.105	0.116	0.116	0.116	0.116	0.095	0.105	0.105	0.105	0.105	0.105	0.116	0.158	0.137	0.074	0.074
Icelandic	0.095	0.084	0.084	0.084	0.095	0.084	0.095	0.084	0.084	0.084	0.053	0.042	0.053	0.032	0.032	0.0	0.042	0.032	0.084	0.032	0.032	0.042	0.042	0.063	0.063	0.074	0.063	0.053	0.074	0.074	0.063	0.063	0.063	0.053	0.116	0.105	0.147	0.116	0.084	0.105	0.105	0.095	0.116	0.116	0.116	0.116	0.116	0.095	0.105	0.105	0.105	0.116	0.116	0.126	0.168	0.137	0.074	0.074
Faroese	0.063	0.063	0.053	0.063	0.074	0.063	0.074	0.074	0.074	0.074	0.032	0.032	0.042	0.042	0.011	0.042	0.0	0.011	0.095	0.042	0.042	0.042	0.042	0.084	0.084	0.063	0.053	0.042	0.063	0.063	0.053	0.053	0.053	0.042	0.116	0.105	0.147	0.116	0.084	0.105	0.105	0.095	0.105	0.116	0.116	0.116	0.116	0.095	0.105	0.105	0.105	0.105	0.105	0.116	0.158	0.137	0.074	0.074
Norwegian	0.063	0.063	0.053	0.063	0.074	0.063	0.074	0.074	0.074	0.074	0.032	0.032	0.042	0.042	0.021	0.032	0.011	0.0	0.084	0.042	0.042	0.042	0.042	0.084	0.084	0.063	0.053	0.042	0.063	0.063	0.053	0.053	0.053	0.042	0.116	0.105	0.147	0.116	0.084	0.105	0.105	0.095	0.105	0.116	0.116	0.116	0.116	0.095	0.105	0.105	0.105	0.105	0.105	0.116	0.158	0.137	0.074	0.074
Bulgarian	0.074	0.084	0.095	0.084	0.105	0.095	0.095	0.084	0.084	0.084	0.084	0.074	0.084	0.084	0.084	0.084	0.095	0.084	0.0	0.032	0.032	0.042	0.032	0.095	0.095	0.074	0.063	0.053	0.074	0.074	0.063	0.063	0.053	0.042	0.084	0.116	0.137	0.116	0.095	0.105	0.105	0.095	0.105	0.116	0.116	0.116	0.116	0.095	0.105	0.105	0.105	0.105	0.116	0.105	0.179	0.137	0.084	0.084
Serbo-Croatian	0.063	0.063	0.063	0.063	0.084	0.063	0.074	0.053	0.042	0.042	0.053	0.042	0.053	0.032	0.042	0.032	0.042	0.042	0.032	0.0	0.0	0.021	0.011	0.053	0.053	0.074	0.063	0.074	0.084	0.084	0.074	0.074	0.063	0.053	0.074	0.074	0.105	0.095	0.084	0.095	0.084	0.095	0.116	0.095	0.095	0.095	0.095	0.074	0.084	0.084	0.084	0.116	0.105	0.095	0.137	0.105	0.074	0.074
Slovenian	0.063	0.063	0.063	0.063	0.084	0.063	0.074	0.053	0.042	0.042	0.053	0.042	0.053	0.032	0.042	0.032	0.042	0.042	0.032	0.0	0.0	0.021	0.011	0.053	0.053	0.074	0.063	0.074	0.084	0.084	0.074	0.074	0.063	0.053	0.074	0.074	0.105	0.095	0.084	0.095	0.084	0.095	0.116	0.095	0.095	0.095	0.095	0.074	0.084	0.084	0.084	0.116	0.105	0.095	0.137	0.105	0.074	0.074
Polish	0.053	0.053	0.053	0.053	0.084	0.053	0.074	0.053	0.042	0.042	0.053	0.042	0.053	0.042	0.042	0.042	0.042	0.042	0.042	0.021	0.021	0.0	0.011	0.053	0.053	0.074	0.063	0.074	0.084	0.084	0.074	0.074	0.063	0.053	0.074	0.074	0.105	0.095	0.084	0.095	0.084	0.095	0.116	0.095	0.095	0.095	0.095	0.074	0.084	0.084	0.084	0.116	0.105	0.095	0.137	0.105	0.074	0.074
Russian	0.063	0.063	0.063	0.063	0.084	0.063	0.074	0.053	0.042	0.042	0.053	0.042	0.053	0.042	0.042	0.042	0.042	0.042	0.032	0.011	0.011	0.011	0.0	0.053	0.053	0.074	0.063	0.074	0.084	0.084	0.074	0.074	0.063	0.053	0.074	0.074	0.105	0.095	0.084	0.095	0.084	0.095	0.116	0.095	0.095	0.095	0.095	0.074	0.084	0.084	0.084	0.116	0.105	0.095	0.137	0.105	0.074	0.074
Irish	0.095	0.105	0.116	0.105	0.084	0.105	0.116	0.084	0.095	0.095	0.074	0.074	0.084	0.063	0.084	0.063	0.084	0.084	0.095	0.053	0.053	0.053	0.053	0.0	0.0	0.084	0.074	0.063	0.084	0.084	0.063	0.063	0.063	0.053	0.105	0.095	0.105	0.105	0.074	0.095	0.095	0.084	0.116	0.126	0.126	0.126	0.105	0.095	0.095	0.095	0.095	0.105	0.126	0.116	0.158	0.126	0.063	0.063
Welsh	0.095	0.105	0.116	0.105	0.084	0.105	0.116	0.084	0.095	0.095	0.074	0.074	0.084	0.063	0.084	0.063	0.084	0.084	0.095	0.053	0.053	0.053	0.053	0.0	0.0	0.084	0.074	0.063	0.084	0.084	0.063	0.063	0.063	0.053	0.105	0.095	0.105	0.105	0.074	0.095	0.095	0.084	0.116	0.126	0.126	0.126	0.105	0.095	0.095	0.095	0.095	0.105	0.126	0.116	0.158	0.126	0.063	0.063
Marathi	0.074	0.084	0.074	0.063	0.063	0.074	0.074	0.084	0.074	0.074	0.074	0.063	0.074	0.074	0.063	0.074	0.063	0.063	0.074	0.074	0.074	0.074	0.074	0.084	0.084	0.0	0.011	0.042	0.053	0.053	0.042	0.042	0.053	0.063	0.095	0.095	0.116	0.084	0.095	0.095	0.074	0.063	0.095	0.074	0.074	0.074	0.074	0.063	0.063	0.063	0.063	0.074	0.084	0.074	0.137	0.095	0.063	0.063
Hindi	0.063	0.074	0.063	0.053	0.053	0.063	0.063	0.074	0.063	0.063	0.063	0.053	0.063	0.063	0.053	0.063	0.053	0.053	0.063	0.063	0.063	0.063	0.063	0.074	0.074	0.011	0.0	0.053	0.053	0.053	0.032	0.032	0.063	0.053	0.084	0.084	0.105	0.095	0.084	0.105	0.084	0.074	0.095	0.074	0.074	0.074	0.074	0.063	0.063	0.063	0.063	0.074	0.095	0.084	0.126	0.105	0.063	0.063
Pashto	0.063	0.074	0.063	0.042	0.042	0.053	0.053	0.063	0.053	0.053	0.053	0.042	0.053	0.053	0.042	0.053	0.042	0.042	0.053	0.074	0.074	0.074	0.074	0.063	0.063	0.042	0.053	0.0	0.074	0.074	0.053	0.053	0.042	0.053	0.084	0.084	0.126	0.095	0.095	0.084	0.095	0.084	0.105	0.095	0.095	0.095	0.095	0.084	0.084	0.084	0.084	0.095	0.084	0.074	0.147	0.105	0.095	0.095
Tamil	0.084	0.095	0.084	0.084	0.095	0.084	0.084	0.105	0.105	0.105	0.074	0.063	0.074	0.074	0.063	0.074	0.063	0.063	0.074	0.084	0.084	0.084	0.084	0.084	0.084	0.053	0.053	0.074	0.0	0.0	0.053	0.053	0.074	0.074	0.095	0.074	0.116	0.095	0.095	0.105	0.084	0.074	0.084	0.084	0.084	0.084	0.084	0.063	0.074	0.074	0.074	0.063	0.095	0.084	0.158	0.116	0.053	0.053
Telugu	0.084	0.095	0.084	0.084	0.095	0.084	0.084	0.105	0.105	0.105	0.074	0.063	0.074	0.074	0.063	0.074	0.063	0.063	0.074	0.084	0.084	0.084	0.084	0.084	0.084	0.053	0.053	0.074	0.0	0.0	0.053	0.053	0.074	0.074	0.095	0.074	0.116	0.095	0.095	0.105	0.084	0.074	0.084	0.084	0.084	0.084	0.084	0.063	0.074	0.074	0.074	0.063	0.095	0.084	0.158	0.116	0.053	0.053
Mandarin	0.063	0.074	0.063	0.053	0.042	0.063	0.063	0.063	0.053	0.053	0.053	0.053	0.053	0.063	0.053	0.063	0.053	0.053	0.063	0.074	0.074	0.074	0.074	0.063	0.063	0.042	0.032	0.053	0.053	0.053	0.0	0.011	0.063	0.053	0.063	0.063	0.063	0.074	0.053	0.074	0.063	0.063	0.063	0.063	0.063	0.063	0.053	0.063	0.053	0.053	0.053	0.063	0.063	0.063	0.042	0.074	0.063	0.063
Cantonese	0.063	0.074	0.063	0.053	0.042	0.063	0.063	0.063	0.053	0.053	0.053	0.053	0.053	0.063	0.053	0.063	0.053	0.053	0.063	0.074	0.074	0.074	0.074	0.063	0.063	0.042	0.032	0.053	0.053	0.053	0.011	0.0	0.063	0.053	0.063	0.063	0.063	0.074	0.053	0.074	0.063	0.063	0.063	0.063	0.063	0.063	0.053	0.063	0.053	0.053	0.053	0.063	0.063	0.063	0.042	0.074	0.063	0.063
Japanese	0.063	0.074	0.063	0.053	0.053	0.063	0.074	0.074	0.063	0.063	0.053	0.053	0.053	0.063	0.053	0.063	0.053	0.053	0.053	0.063	0.063	0.063	0.063	0.063	0.063	0.053	0.063	0.042	0.074	0.074	0.063	0.063	0.0	0.021	0.063	0.074	0.095	0.074	0.063	0.063	0.074	0.074	0.084	0.095	0.095	0.095	0.074	0.063	0.074	0.074	0.074	0.095	0.042	0.042	0.105	0.063	0.084	0.084
Korean	0.053	0.063	0.053	0.042	0.042	0.053	0.063	0.063	0.053	0.053	0.042	0.042	0.042	0.053	0.042	0.053	0.042	0.042	0.042	0.053	0.053	0.053	0.053	0.053	0.053	0.063	0.053	0.053	0.074	0.074	0.053	0.053	0.021	0.0	0.053	0.063	0.084	0.084	0.053	0.074	0.084	0.084	0.084	0.095	0.095	0.095	0.074	0.063	0.074	0.074	0.074	0.095	0.053	0.053	0.095	0.074	0.084	0.084
Arabic	0.126	0.095	0.116	0.137	0.137	0.147	0.105	0.116	0.126	0.126	0.116	0.126	0.126	0.126	0.116	0.116	0.116	0.116	0.084	0.074	0.074	0.074	0.074	0.105	0.105	0.095	0.084	0.084	0.095	0.095	0.063	0.063	0.063	0.053	0.0	0.074	0.147	0.116	0.084	0.095	0.105	0.095	0.116	0.126	0.126	0.126	0.116	0.105	0.105	0.105	0.105	0.105	0.116	0.105	0.168	0.116	0.095	0.095
Hebrew	0.105	0.095	0.095	0.137	0.105	0.126	0.105	0.116	0.147	0.147	0.105	0.116	0.116	0.116	0.105	0.105	0.105	0.105	0.116	0.074	0.074	0.074	0.074	0.095	0.095	0.095	0.084	0.084	0.074	0.074	0.063	0.063	0.074	0.063	0.074	0.0	0.116	0.105	0.084	0.095	0.095	0.084	0.116	0.116	0.116	0.116	0.105	0.095	0.095	0.095	0.095	0.084	0.137	0.126	0.179	0.105	0.084	0.084
Hungarian	0.126	0.147	0.137	0.147	0.147	0.137	0.168	0.126	0.116	0.116	0.116	0.137	0.126	0.137	0.147	0.147	0.147	0.147	0.137	0.105	0.105	0.105	0.105	0.105	0.105	0.116	0.105	0.126	0.116	0.116	0.063	0.063	0.095	0.084	0.147	0.116	0.0	0.032	0.053	0.063	0.053	0.063	0.105	0.074	0.074	0.074	0.053	0.063	0.063	0.063	0.063	0.084	0.147	0.158	0.168	0.105	0.084	0.084
Khanty	0.126	0.126	0.126	0.126	0.147	0.126	0.137	0.116	0.116	0.116	0.105	0.116	0.105	0.116	0.116	0.116	0.116	0.116	0.116	0.095	0.095	0.095	0.095	0.105	0.105	0.084	0.095	0.095	0.095	0.095	0.074	0.074	0.074	0.084	0.116	0.105	0.032	0.0	0.063	0.053	0.042	0.053	0.084	0.074	0.074	0.074	0.032	0.042	0.042	0.042	0.042	0.063	0.084	0.095	0.147	0.074	0.074	0.074
Estonian	0.105	0.105	0.105	0.105	0.105	0.105	0.105	0.105	0.105	0.105	0.074	0.084	0.074	0.084	0.084	0.084	0.084	0.084	0.095	0.084	0.084	0.084	0.084	0.074	0.074	0.095	0.084	0.095	0.095	0.095	0.053	0.053	0.063	0.053	0.084	0.084	0.053	0.063	0.0	0.021	0.042	0.042	0.084	0.074	0.074	0.074	0.074	0.063	0.063	0.063	0.063	0.074	0.074	0.084	0.137	0.095	0.084	0.084
Finnish	0.116	0.116	0.116	0.116	0.126	0.116	0.126	0.116	0.116	0.116	0.095	0.105	0.095	0.105	0.105	0.105	0.105	0.105	0.105	0.095	0.095	0.095	0.095	0.095	0.095	0.095	0.105	0.084	0.105	0.105	0.074	0.074	0.063	0.074	0.095	0.095	0.063	0.053	0.021	0.0	0.042	0.042	0.084	0.074	0.074	0.074	0.074	0.063	0.063	0.063	0.063	0.063	0.074	0.084	0.137	0.084	0.095	0.095
Mari	0.116	0.116	0.116	0.116	0.137	0.116	0.126	0.105	0.105	0.105	0.095	0.105	0.095	0.105	0.105	0.105	0.105	0.105	0.105	0.084	0.084	0.084	0.084	0.095	0.095	0.074	0.084	0.095	0.084	0.084	0.063	0.063	0.074	0.084	0.105	0.095	0.053	0.042	0.042	0.042	0.0	0.011	0.074	0.053	0.053	0.053	0.053	0.042	0.042	0.042	0.042	0.063	0.074	0.084	0.126	0.074	0.074	0.074
Udmurt	0.105	0.105	0.105	0.105	0.126	0.105	0.116	0.116	0.116	0.116	0.084	0.095	0.084	0.095	0.095	0.095	0.095	0.095	0.095	0.095	0.095	0.095	0.095	0.084	0.084	0.063	0.074	0.084	0.074	0.074	0.063	0.063	0.074	0.084	0.095	0.084	0.063	0.053	0.042	0.042	0.011	0.0	0.063	0.063	0.063	0.063	0.063	0.053	0.053	0.053	0.053	0.053	0.063	0.074	0.126	0.084	0.084	0.084
Yukaghir	0.105	0.116	0.105	0.116	0.126	0.105	0.116	0.126	0.137	0.137	0.095	0.105	0.095	0.116	0.105	0.116	0.105	0.105	0.105	0.116	0.116	0.116	0.116	0.116	0.116	0.095	0.095	0.105	0.084	0.084	0.063	0.063	0.084	0.084	0.116	0.116	0.105	0.084	0.084	0.084	0.074	0.063	0.0	0.084	0.084	0.084	0.074	0.053	0.063	0.063	0.063	0.053	0.074	0.084	0.126	0.116	0.095	0.095
Even_1	0.116	0.116	0.116	0.105	0.116	0.116	0.126	0.105	0.095	0.095	0.105	0.116	0.105	0.116	0.116	0.116	0.116	0.116	0.116	0.095	0.095	0.095	0.095	0.126	0.126	0.074	0.074	0.095	0.084	0.084	0.063	0.063	0.095	0.095	0.126	0.116	0.074	0.074	0.074	0.074	0.053	0.063	0.084	0.0	0.0	0.0	0.042	0.032	0.032	0.032	0.032	0.063	0.105	0.116	0.137	0.084	0.095	0.095
Even_2	0.116	0.116	0.116	0.105	0.116	0.116	0.126	0.105	0.095	0.095	0.105	0.116	0.105	0.116	0.116	0.116	0.116	0.116	0.116	0.095	0.095	0.095	0.095	0.126	0.126	0.074	0.074	0.095	0.084	0.084	0.063	0.063	0.095	0.095	0.126	0.116	0.074	0.074	0.074	0.074	0.053	0.063	0.084	0.0	0.0	0.0	0.042	0.032	0.032	0.032	0.032	0.063	0.105	0.116	0.137	0.084	0.095	0.095
Evenki	0.116	0.116	0.116	0.105	0.116	0.116	0.126	0.105	0.095	0.095	0.105	0.116	0.105	0.116	0.116	0.116	0.116	0.116	0.116	0.095	0.095	0.095	0.095	0.126	0.126	0.074	0.074	0.095	0.084	0.084	0.063	0.063	0.095	0.095	0.126	0.116	0.074	0.074	0.074	0.074	0.053	0.063	0.084	0.0	0.0	0.0	0.042	0.032	0.032	0.032	0.032	0.063	0.105	0.116	0.137	0.084	0.095	0.095
Yakut	0.116	0.116	0.116	0.105	0.116	0.116	0.126	0.105	0.095	0.095	0.105	0.116	0.105	0.116	0.116	0.116	0.116	0.116	0.116	0.095	0.095	0.095	0.095	0.105	0.105	0.074	0.074	0.095	0.084	0.084	0.053	0.053	0.074	0.074	0.116	0.105	0.053	0.032	0.074	0.074	0.053	0.063	0.074	0.042	0.042	0.042	0.0	0.021	0.011	0.011	0.011	0.042	0.095	0.105	0.137	0.074	0.074	0.074
Uzbek	0.105	0.105	0.105	0.095	0.105	0.105	0.116	0.095	0.084	0.084	0.084	0.095	0.084	0.095	0.095	0.095	0.095	0.095	0.095	0.074	0.074	0.074	0.074	0.095	0.095	0.063	0.063	0.084	0.063	0.063	0.063	0.063	0.063	0.063	0.105	0.095	0.063	0.042	0.063	0.063	0.042	0.053	0.053	0.032	0.032	0.032	0.021	0.0	0.011	0.011	0.011	0.042	0.084	0.095	0.137	0.063	0.063	0.063
Kazakh	0.105	0.105	0.105	0.095	0.105	0.105	0.116	0.095	0.084	0.084	0.095	0.105	0.095	0.105	0.105	0.105	0.105	0.105	0.105	0.084	0.084	0.084	0.084	0.095	0.095	0.063	0.063	0.084	0.074	0.074	0.053	0.053	0.074	0.074	0.105	0.095	0.063	0.042	0.063	0.063	0.042	0.053	0.063	0.032	0.032	0.032	0.011	0.011	0.0	0.0	0.0	0.032	0.084	0.095	0.126	0.063	0.063	0.063
Kirghiz	0.105	0.105	0.105	0.095	0.105	0.105	0.116	0.095	0.084	0.084	0.095	0.105	0.095	0.105	0.105	0.105	0.105	0.105	0.105	0.084	0.084	0.084	0.084	0.095	0.095	0.063	0.063	0.084	0.074	0.074	0.053	0.053	0.074	0.074	0.105	0.095	0.063	0.042	0.063	0.063	0.042	0.053	0.063	0.032	0.032	0.032	0.011	0.011	0.0	0.0	0.0	0.032	0.084	0.095	0.126	0.063	0.063	0.063
Turkish	0.105	0.105	0.105	0.095	0.105	0.105	0.116	0.095	0.084	0.084	0.095	0.105	0.095	0.105	0.105	0.105	0.105	0.105	0.105	0.084	0.084	0.084	0.084	0.095	0.095	0.063	0.063	0.084	0.074	0.074	0.053	0.053	0.074	0.074	0.105	0.095	0.063	0.042	0.063	0.063	0.042	0.053	0.063	0.032	0.032	0.032	0.011	0.011	0.0	0.0	0.0	0.032	0.084	0.095	0.126	0.063	0.063	0.063
Buryat	0.095	0.105	0.095	0.105	0.116	0.095	0.105	0.116	0.126	0.126	0.095	0.105	0.095	0.116	0.105	0.116	0.105	0.105	0.105	0.116	0.116	0.116	0.116	0.105	0.105	0.074	0.074	0.095	0.063	0.063	0.063	0.063	0.095	0.095	0.105	0.084	0.084	0.063	0.074	0.063	0.063	0.053	0.053	0.063	0.063	0.063	0.042	0.042	0.032	0.032	0.032	0.0	0.084	0.095	0.116	0.095	0.074	0.074
Basque_Central	0.126	0.126	0.126	0.105	0.126	0.116	0.116	0.147	0.147	0.147	0.095	0.095	0.084	0.105	0.105	0.116	0.105	0.105	0.116	0.105	0.105	0.105	0.105	0.126	0.126	0.084	0.095	0.084	0.095	0.095	0.063	0.063	0.042	0.053	0.116	0.137	0.147	0.084	0.074	0.074	0.074	0.063	0.074	0.105	0.105	0.105	0.095	0.084	0.084	0.084	0.084	0.084	0.0	0.032	0.168	0.116	0.105	0.105
Basque_Western	0.137	0.137	0.137	0.116	0.137	0.126	0.126	0.158	0.137	0.137	0.105	0.105	0.095	0.116	0.116	0.126	0.116	0.116	0.105	0.095	0.095	0.095	0.095	0.116	0.116	0.074	0.084	0.074	0.084	0.084	0.063	0.063	0.042	0.053	0.105	0.126	0.158	0.095	0.084	0.084	0.084	0.074	0.084	0.116	0.116	0.116	0.105	0.095	0.095	0.095	0.095	0.095	0.032	0.0	0.179	0.147	0.095	0.095
Wolof	0.158	0.168	0.168	0.179	0.158	0.168	0.168	0.126	0.158	0.158	0.147	0.147	0.158	0.147	0.158	0.168	0.158	0.158	0.179	0.137	0.137	0.137	0.137	0.158	0.158	0.137	0.126	0.147	0.158	0.158	0.042	0.042	0.105	0.095	0.168	0.179	0.168	0.147	0.137	0.137	0.126	0.126	0.126	0.137	0.137	0.137	0.137	0.137	0.126	0.126	0.126	0.116	0.168	0.179	0.0	0.147	0.137	0.137
Malagasy	0.137	0.137	0.137	0.147	0.126	0.147	0.158	0.116	0.126	0.126	0.116	0.137	0.126	0.137	0.137	0.137	0.137	0.137	0.137	0.105	0.105	0.105	0.105	0.126	0.126	0.095	0.105	0.105	0.116	0.116	0.074	0.074	0.063	0.074	0.116	0.105	0.105	0.074	0.095	0.084	0.074	0.084	0.116	0.084	0.084	0.084	0.074	0.063	0.063	0.063	0.063	0.095	0.116	0.147	0.147	0.0	0.095	0.095
Archi	0.095	0.095	0.095	0.095	0.105	0.095	0.095	0.084	0.084	0.084	0.084	0.074	0.084	0.074	0.074	0.074	0.074	0.074	0.084	0.074	0.074	0.074	0.074	0.063	0.063	0.063	0.063	0.095	0.053	0.053	0.063	0.063	0.084	0.084	0.095	0.084	0.084	0.074	0.084	0.095	0.074	0.084	0.095	0.095	0.095	0.095	0.074	0.063	0.063	0.063	0.063	0.074	0.105	0.095	0.137	0.095	0.0	0.0
Lak	0.095	0.095	0.095	0.095	0.105	0.095	0.095	0.084	0.084	0.084	0.084	0.074	0.084	0.074	0.074	0.074	0.074	0.074	0.084	0.074	0.074	0.074	0.074	0.063	0.063	0.063	0.063	0.095	0.053	0.053	0.063	0.063	0.084	0.084	0.095	0.084	0.084	0.074	0.084	0.095	0.074	0.084	0.095	0.095	0.095	0.095	0.074	0.063	0.063	0.063	0.063	0.074	0.105	0.095	0.137	0.095	0.0	0.0
