58
Sic          0.0	0.148	0.08	0.179	0.2	0.115	0.214	0.28	0.37	0.37	0.227	0.217	0.261	0.25	0.25	0.333	0.25	0.25	0.28	0.273	0.273	0.238	0.273	0.36	0.36	0.318	0.286	0.286	0.381	0.381	0.667	0.667	0.545	0.5	0.444	0.4	0.545	0.571	0.5	0.524	0.524	0.476	0.476	0.5	0.5	0.5	0.524	0.5	0.5	0.5	0.5	0.45	0.5	0.52	0.577	0.619	0.45	0.45
NCa          0.148	0.0	0.111	0.2	0.286	0.207	0.172	0.24	0.333	0.333	0.292	0.28	0.32	0.28	0.24	0.296	0.24	0.24	0.296	0.273	0.273	0.238	0.273	0.385	0.385	0.348	0.318	0.318	0.409	0.409	0.7	0.7	0.583	0.545	0.346	0.36	0.583	0.571	0.5	0.524	0.524	0.476	0.5	0.5	0.5	0.5	0.524	0.5	0.5	0.5	0.5	0.476	0.48	0.5	0.593	0.619	0.45	0.45
It          0.08	0.111	0.0	0.172	0.192	0.111	0.172	0.308	0.357	0.357	0.25	0.24	0.28	0.269	0.2	0.286	0.2	0.2	0.321	0.261	0.261	0.227	0.261	0.407	0.407	0.318	0.286	0.286	0.381	0.381	0.667	0.667	0.545	0.5	0.407	0.36	0.565	0.571	0.5	0.524	0.524	0.476	0.476	0.5	0.5	0.5	0.524	0.5	0.5	0.5	0.5	0.45	0.5	0.52	0.593	0.619	0.45	0.45
Sp          0.179	0.2	0.172	0.0	0.185	0.071	0.226	0.296	0.286	0.286	0.25	0.167	0.208	0.2	0.24	0.286	0.24	0.24	0.286	0.261	0.261	0.227	0.261	0.37	0.37	0.273	0.238	0.2	0.381	0.381	0.556	0.556	0.455	0.4	0.448	0.464	0.583	0.571	0.5	0.524	0.524	0.476	0.5	0.455	0.455	0.455	0.476	0.45	0.45	0.45	0.45	0.476	0.417	0.44	0.607	0.636	0.45	0.45
Fr          0.2	0.286	0.192	0.185	0.0	0.154	0.25	0.333	0.346	0.346	0.273	0.261	0.304	0.292	0.292	0.333	0.292	0.292	0.37	0.348	0.348	0.348	0.348	0.333	0.333	0.3	0.263	0.222	0.429	0.429	0.571	0.571	0.5	0.444	0.481	0.417	0.609	0.636	0.526	0.571	0.591	0.545	0.545	0.524	0.524	0.524	0.55	0.526	0.526	0.526	0.526	0.524	0.522	0.52	0.6	0.571	0.5	0.5
Ptg          0.115	0.207	0.111	0.071	0.154	0.0	0.233	0.308	0.357	0.357	0.25	0.167	0.208	0.2	0.24	0.286	0.24	0.24	0.321	0.261	0.261	0.227	0.261	0.37	0.37	0.318	0.286	0.25	0.381	0.381	0.667	0.667	0.545	0.5	0.483	0.444	0.565	0.571	0.5	0.524	0.524	0.476	0.476	0.5	0.5	0.5	0.524	0.5	0.5	0.5	0.5	0.45	0.458	0.48	0.593	0.636	0.45	0.45
Rm          0.214	0.172	0.172	0.226	0.25	0.233	0.0	0.269	0.345	0.345	0.308	0.269	0.308	0.296	0.222	0.29	0.25	0.241	0.29	0.304	0.304	0.304	0.304	0.393	0.393	0.318	0.286	0.25	0.381	0.381	0.667	0.667	0.583	0.545	0.357	0.37	0.615	0.591	0.5	0.545	0.545	0.5	0.5	0.522	0.522	0.522	0.545	0.524	0.524	0.524	0.524	0.476	0.458	0.48	0.593	0.652	0.45	0.45
CG          0.28	0.24	0.308	0.296	0.333	0.308	0.269	0.0	0.167	0.167	0.273	0.261	0.304	0.217	0.292	0.308	0.292	0.292	0.32	0.238	0.238	0.238	0.238	0.333	0.333	0.364	0.333	0.286	0.455	0.455	0.667	0.667	0.583	0.545	0.423	0.44	0.545	0.55	0.5	0.524	0.5	0.524	0.545	0.476	0.476	0.476	0.5	0.474	0.474	0.474	0.474	0.524	0.609	0.625	0.5	0.579	0.421	0.421
Grk          0.37	0.333	0.357	0.286	0.346	0.357	0.345	0.167	0.0	0.0	0.25	0.24	0.28	0.2	0.269	0.286	0.269	0.269	0.267	0.167	0.167	0.167	0.167	0.36	0.36	0.318	0.286	0.238	0.435	0.435	0.556	0.556	0.5	0.455	0.414	0.5	0.5	0.524	0.476	0.5	0.476	0.5	0.542	0.429	0.429	0.429	0.45	0.421	0.421	0.421	0.421	0.522	0.636	0.565	0.577	0.6	0.4	0.4
CyG          0.37	0.333	0.357	0.286	0.346	0.357	0.345	0.167	0.0	0.0	0.25	0.24	0.28	0.2	0.269	0.286	0.269	0.269	0.267	0.167	0.167	0.167	0.167	0.36	0.36	0.318	0.286	0.238	0.435	0.435	0.556	0.556	0.5	0.455	0.414	0.5	0.5	0.524	0.476	0.5	0.476	0.5	0.542	0.429	0.429	0.429	0.45	0.421	0.421	0.421	0.421	0.522	0.636	0.565	0.577	0.6	0.4	0.4
E          0.227	0.292	0.25	0.25	0.273	0.25	0.308	0.273	0.25	0.25	0.0	0.125	0.087	0.16	0.12	0.192	0.12	0.12	0.296	0.227	0.227	0.227	0.227	0.304	0.304	0.35	0.316	0.278	0.368	0.368	0.714	0.714	0.556	0.5	0.44	0.417	0.524	0.526	0.412	0.474	0.474	0.421	0.474	0.5	0.5	0.5	0.526	0.471	0.5	0.5	0.5	0.474	0.5	0.526	0.583	0.579	0.444	0.444
Du          0.217	0.28	0.24	0.167	0.261	0.167	0.269	0.261	0.24	0.24	0.125	0.0	0.043	0.042	0.12	0.154	0.12	0.12	0.259	0.182	0.182	0.182	0.182	0.292	0.292	0.3	0.263	0.222	0.316	0.316	0.714	0.714	0.556	0.5	0.444	0.423	0.565	0.55	0.444	0.5	0.5	0.45	0.5	0.524	0.524	0.524	0.55	0.5	0.526	0.526	0.526	0.5	0.474	0.5	0.56	0.619	0.389	0.389
Afk          0.261	0.32	0.28	0.208	0.304	0.208	0.308	0.304	0.28	0.28	0.087	0.043	0.0	0.083	0.16	0.192	0.16	0.16	0.296	0.227	0.227	0.227	0.227	0.333	0.333	0.35	0.316	0.278	0.368	0.368	0.714	0.714	0.556	0.5	0.462	0.44	0.545	0.526	0.412	0.474	0.474	0.421	0.474	0.5	0.5	0.5	0.526	0.471	0.5	0.5	0.5	0.474	0.444	0.474	0.6	0.6	0.444	0.444
D          0.25	0.28	0.269	0.2	0.292	0.2	0.296	0.217	0.2	0.2	0.16	0.042	0.083	0.0	0.154	0.115	0.154	0.154	0.286	0.136	0.136	0.174	0.174	0.25	0.25	0.333	0.3	0.263	0.35	0.35	0.75	0.75	0.6	0.556	0.444	0.423	0.565	0.55	0.444	0.5	0.5	0.45	0.524	0.524	0.524	0.524	0.55	0.5	0.526	0.526	0.526	0.524	0.5	0.524	0.56	0.619	0.389	0.389
Da          0.25	0.24	0.2	0.24	0.292	0.24	0.222	0.292	0.269	0.269	0.12	0.12	0.16	0.154	0.0	0.111	0.038	0.074	0.276	0.182	0.182	0.182	0.182	0.32	0.32	0.3	0.263	0.222	0.316	0.316	0.714	0.714	0.556	0.5	0.407	0.385	0.583	0.55	0.444	0.5	0.5	0.45	0.5	0.524	0.524	0.524	0.55	0.5	0.526	0.526	0.526	0.5	0.526	0.55	0.577	0.619	0.389	0.389
Ice          0.333	0.296	0.286	0.286	0.333	0.286	0.29	0.308	0.286	0.286	0.192	0.154	0.192	0.115	0.111	0.0	0.143	0.107	0.258	0.136	0.136	0.174	0.174	0.231	0.231	0.333	0.3	0.263	0.35	0.35	0.75	0.75	0.6	0.556	0.393	0.37	0.583	0.55	0.444	0.5	0.5	0.45	0.524	0.524	0.524	0.524	0.55	0.5	0.526	0.526	0.526	0.524	0.55	0.571	0.593	0.619	0.389	0.389
FO          0.25	0.24	0.2	0.24	0.292	0.24	0.25	0.292	0.269	0.269	0.12	0.12	0.16	0.154	0.038	0.143	0.0	0.037	0.3	0.182	0.182	0.182	0.182	0.32	0.32	0.3	0.263	0.222	0.316	0.316	0.714	0.714	0.556	0.5	0.407	0.385	0.583	0.55	0.444	0.5	0.5	0.45	0.5	0.524	0.524	0.524	0.55	0.5	0.526	0.526	0.526	0.5	0.526	0.55	0.577	0.619	0.389	0.389
Nor          0.25	0.24	0.2	0.24	0.292	0.24	0.241	0.292	0.269	0.269	0.12	0.12	0.16	0.154	0.074	0.107	0.037	0.0	0.267	0.182	0.182	0.182	0.182	0.32	0.32	0.3	0.263	0.222	0.316	0.316	0.714	0.714	0.556	0.5	0.407	0.385	0.583	0.55	0.444	0.5	0.5	0.45	0.5	0.524	0.524	0.524	0.55	0.5	0.526	0.526	0.526	0.5	0.526	0.55	0.577	0.619	0.389	0.389
Blg          0.28	0.296	0.321	0.286	0.37	0.321	0.29	0.32	0.267	0.267	0.296	0.259	0.296	0.286	0.276	0.258	0.3	0.267	0.0	0.125	0.125	0.167	0.125	0.333	0.333	0.333	0.3	0.263	0.333	0.333	0.75	0.75	0.556	0.5	0.276	0.379	0.542	0.524	0.45	0.476	0.476	0.429	0.476	0.524	0.524	0.524	0.55	0.5	0.526	0.526	0.526	0.476	0.55	0.476	0.654	0.619	0.4	0.4
SC          0.273	0.273	0.261	0.261	0.348	0.261	0.304	0.238	0.167	0.167	0.227	0.182	0.227	0.136	0.182	0.136	0.182	0.182	0.125	0.0	0.0	0.087	0.043	0.25	0.25	0.35	0.316	0.35	0.381	0.381	0.778	0.778	0.6	0.556	0.333	0.35	0.5	0.474	0.421	0.45	0.421	0.45	0.524	0.474	0.474	0.474	0.5	0.438	0.471	0.471	0.471	0.524	0.588	0.5	0.619	0.556	0.368	0.368
Slo          0.273	0.273	0.261	0.261	0.348	0.261	0.304	0.238	0.167	0.167	0.227	0.182	0.227	0.136	0.182	0.136	0.182	0.182	0.125	0.0	0.0	0.087	0.043	0.25	0.25	0.35	0.316	0.35	0.381	0.381	0.778	0.778	0.6	0.556	0.333	0.35	0.5	0.474	0.421	0.45	0.421	0.45	0.524	0.474	0.474	0.474	0.5	0.438	0.471	0.471	0.471	0.524	0.588	0.5	0.619	0.556	0.368	0.368
Po          0.238	0.238	0.227	0.227	0.348	0.227	0.304	0.238	0.167	0.167	0.227	0.182	0.227	0.174	0.182	0.174	0.182	0.182	0.167	0.087	0.087	0.0	0.043	0.25	0.25	0.35	0.316	0.35	0.381	0.381	0.778	0.778	0.6	0.556	0.333	0.35	0.5	0.474	0.421	0.45	0.421	0.45	0.524	0.474	0.474	0.474	0.5	0.438	0.471	0.471	0.471	0.524	0.588	0.5	0.619	0.556	0.368	0.368
Rus          0.273	0.273	0.261	0.261	0.348	0.261	0.304	0.238	0.167	0.167	0.227	0.182	0.227	0.174	0.182	0.174	0.182	0.182	0.125	0.043	0.043	0.043	0.0	0.25	0.25	0.35	0.316	0.35	0.381	0.381	0.778	0.778	0.6	0.556	0.333	0.35	0.5	0.474	0.421	0.45	0.421	0.45	0.524	0.474	0.474	0.474	0.5	0.438	0.471	0.471	0.471	0.524	0.588	0.5	0.619	0.556	0.368	0.368
Ir          0.36	0.385	0.407	0.37	0.333	0.37	0.393	0.333	0.36	0.36	0.304	0.292	0.333	0.25	0.32	0.231	0.32	0.32	0.333	0.25	0.25	0.25	0.25	0.0	0.0	0.381	0.35	0.316	0.4	0.4	0.75	0.75	0.6	0.556	0.37	0.346	0.5	0.526	0.412	0.474	0.474	0.421	0.524	0.571	0.571	0.571	0.526	0.5	0.5	0.5	0.5	0.5	0.6	0.55	0.6	0.6	0.353	0.353
Wel          0.36	0.385	0.407	0.37	0.333	0.37	0.393	0.333	0.36	0.36	0.304	0.292	0.333	0.25	0.32	0.231	0.32	0.32	0.333	0.25	0.25	0.25	0.25	0.0	0.0	0.381	0.35	0.316	0.4	0.4	0.75	0.75	0.6	0.556	0.37	0.346	0.5	0.526	0.412	0.474	0.474	0.421	0.524	0.571	0.571	0.571	0.526	0.5	0.5	0.5	0.5	0.5	0.6	0.55	0.6	0.6	0.353	0.353
Ma          0.318	0.348	0.318	0.273	0.3	0.318	0.318	0.364	0.318	0.318	0.35	0.3	0.35	0.333	0.3	0.333	0.3	0.3	0.333	0.35	0.35	0.35	0.35	0.381	0.381	0.0	0.05	0.19	0.25	0.25	0.444	0.444	0.417	0.5	0.409	0.409	0.524	0.421	0.474	0.45	0.35	0.3	0.409	0.333	0.333	0.333	0.35	0.316	0.316	0.316	0.316	0.35	0.444	0.389	0.565	0.5	0.316	0.316
Hi          0.286	0.318	0.286	0.238	0.263	0.286	0.286	0.333	0.286	0.286	0.316	0.263	0.316	0.3	0.263	0.3	0.263	0.263	0.3	0.316	0.316	0.316	0.316	0.35	0.35	0.05	0.0	0.238	0.25	0.25	0.375	0.375	0.5	0.455	0.381	0.381	0.5	0.474	0.444	0.5	0.4	0.35	0.409	0.333	0.333	0.333	0.35	0.316	0.316	0.316	0.316	0.35	0.5	0.444	0.545	0.556	0.316	0.316
Pas          0.286	0.318	0.286	0.2	0.222	0.25	0.25	0.286	0.238	0.238	0.278	0.222	0.278	0.263	0.222	0.263	0.222	0.222	0.263	0.35	0.35	0.35	0.35	0.316	0.316	0.19	0.238	0.0	0.35	0.35	0.556	0.556	0.364	0.455	0.381	0.381	0.571	0.474	0.474	0.421	0.45	0.4	0.476	0.429	0.429	0.429	0.45	0.421	0.421	0.421	0.421	0.45	0.471	0.412	0.609	0.556	0.45	0.45
Ta          0.381	0.409	0.381	0.381	0.429	0.381	0.381	0.455	0.435	0.435	0.368	0.316	0.368	0.35	0.316	0.35	0.316	0.316	0.333	0.381	0.381	0.381	0.381	0.4	0.4	0.25	0.25	0.35	0.0	0.0	0.714	0.714	0.7	0.7	0.409	0.35	0.524	0.474	0.474	0.5	0.4	0.35	0.381	0.4	0.4	0.4	0.421	0.353	0.389	0.389	0.389	0.3	0.529	0.444	0.682	0.611	0.263	0.263
Te          0.381	0.409	0.381	0.381	0.429	0.381	0.381	0.455	0.435	0.435	0.368	0.316	0.368	0.35	0.316	0.35	0.316	0.316	0.333	0.381	0.381	0.381	0.381	0.4	0.4	0.25	0.25	0.35	0.0	0.0	0.714	0.714	0.7	0.7	0.409	0.35	0.524	0.474	0.474	0.5	0.4	0.35	0.381	0.4	0.4	0.4	0.421	0.353	0.389	0.389	0.389	0.3	0.529	0.444	0.682	0.611	0.263	0.263
Man          0.667	0.7	0.667	0.556	0.571	0.667	0.667	0.667	0.556	0.556	0.714	0.714	0.714	0.75	0.714	0.75	0.714	0.714	0.75	0.778	0.778	0.778	0.778	0.75	0.75	0.444	0.375	0.556	0.714	0.714	0.0	0.1	0.5	0.455	0.75	0.75	0.75	0.778	0.714	0.778	0.667	0.667	0.6	0.6	0.6	0.6	0.556	0.6	0.556	0.556	0.556	0.667	0.75	0.75	0.4	0.7	0.75	0.75
Can          0.667	0.7	0.667	0.556	0.571	0.667	0.667	0.667	0.556	0.556	0.714	0.714	0.714	0.75	0.714	0.75	0.714	0.714	0.75	0.778	0.778	0.778	0.778	0.75	0.75	0.444	0.375	0.556	0.714	0.714	0.1	0.0	0.5	0.455	0.75	0.75	0.75	0.778	0.714	0.778	0.667	0.667	0.6	0.6	0.6	0.6	0.556	0.6	0.556	0.556	0.556	0.667	0.75	0.75	0.4	0.7	0.75	0.75
Jap          0.545	0.583	0.545	0.455	0.5	0.545	0.583	0.583	0.5	0.5	0.556	0.556	0.556	0.6	0.556	0.6	0.556	0.556	0.556	0.6	0.6	0.6	0.6	0.6	0.6	0.417	0.5	0.364	0.7	0.7	0.5	0.5	0.0	0.182	0.6	0.636	0.75	0.636	0.6	0.545	0.583	0.583	0.615	0.643	0.643	0.643	0.583	0.5	0.583	0.583	0.583	0.692	0.444	0.444	0.667	0.545	0.727	0.727
Kor          0.5	0.545	0.5	0.4	0.444	0.5	0.545	0.545	0.455	0.455	0.5	0.5	0.5	0.556	0.5	0.556	0.5	0.5	0.5	0.556	0.556	0.556	0.556	0.556	0.556	0.5	0.455	0.455	0.7	0.7	0.455	0.455	0.182	0.0	0.556	0.6	0.727	0.727	0.556	0.636	0.667	0.667	0.615	0.643	0.643	0.643	0.583	0.5	0.583	0.583	0.583	0.692	0.556	0.556	0.643	0.636	0.727	0.727
Ar          0.444	0.346	0.407	0.448	0.481	0.483	0.357	0.423	0.414	0.414	0.44	0.444	0.462	0.444	0.407	0.393	0.407	0.407	0.276	0.333	0.333	0.333	0.333	0.37	0.37	0.409	0.381	0.381	0.409	0.409	0.75	0.75	0.6	0.556	0.0	0.25	0.538	0.5	0.421	0.429	0.455	0.409	0.478	0.545	0.545	0.545	0.524	0.5	0.5	0.5	0.5	0.455	0.55	0.476	0.593	0.55	0.429	0.429
Heb          0.4	0.36	0.36	0.464	0.417	0.444	0.37	0.44	0.5	0.5	0.417	0.423	0.44	0.423	0.385	0.37	0.385	0.385	0.379	0.35	0.35	0.35	0.35	0.346	0.346	0.409	0.381	0.381	0.35	0.35	0.75	0.75	0.636	0.6	0.25	0.0	0.5	0.5	0.444	0.45	0.45	0.4	0.5	0.524	0.524	0.524	0.5	0.474	0.474	0.474	0.474	0.4	0.619	0.571	0.63	0.526	0.421	0.421
Hu          0.545	0.583	0.565	0.583	0.609	0.565	0.615	0.545	0.5	0.5	0.524	0.565	0.545	0.565	0.583	0.583	0.583	0.583	0.542	0.5	0.5	0.5	0.5	0.5	0.5	0.524	0.5	0.571	0.524	0.524	0.75	0.75	0.75	0.727	0.538	0.5	0.0	0.158	0.312	0.3	0.238	0.273	0.455	0.333	0.333	0.333	0.263	0.316	0.316	0.316	0.316	0.381	0.7	0.682	0.667	0.476	0.444	0.444
KhB          0.571	0.571	0.571	0.571	0.636	0.571	0.591	0.55	0.524	0.524	0.526	0.55	0.526	0.55	0.55	0.55	0.55	0.55	0.524	0.474	0.474	0.474	0.474	0.526	0.526	0.421	0.474	0.474	0.474	0.474	0.778	0.778	0.636	0.727	0.5	0.5	0.158	0.0	0.375	0.263	0.2	0.238	0.4	0.35	0.35	0.35	0.176	0.235	0.235	0.235	0.235	0.316	0.533	0.529	0.667	0.368	0.412	0.412
Est          0.5	0.5	0.5	0.5	0.526	0.5	0.5	0.5	0.476	0.476	0.412	0.444	0.412	0.444	0.444	0.444	0.444	0.444	0.45	0.421	0.421	0.421	0.421	0.412	0.412	0.474	0.444	0.474	0.474	0.474	0.714	0.714	0.6	0.556	0.421	0.444	0.312	0.375	0.0	0.125	0.25	0.25	0.444	0.412	0.412	0.412	0.438	0.4	0.4	0.4	0.4	0.412	0.5	0.5	0.684	0.562	0.444	0.444
Fin          0.524	0.524	0.524	0.524	0.571	0.524	0.545	0.524	0.5	0.5	0.474	0.5	0.474	0.5	0.5	0.5	0.5	0.5	0.476	0.45	0.45	0.45	0.45	0.474	0.474	0.45	0.5	0.421	0.5	0.5	0.778	0.778	0.545	0.636	0.429	0.45	0.3	0.263	0.125	0.0	0.2	0.2	0.4	0.35	0.35	0.35	0.368	0.333	0.333	0.333	0.333	0.316	0.467	0.471	0.65	0.421	0.474	0.474
mM          0.524	0.524	0.524	0.524	0.591	0.524	0.545	0.5	0.476	0.476	0.474	0.5	0.474	0.5	0.5	0.5	0.5	0.5	0.476	0.421	0.421	0.421	0.421	0.474	0.474	0.35	0.4	0.45	0.4	0.4	0.667	0.667	0.583	0.667	0.455	0.45	0.238	0.2	0.25	0.2	0.0	0.048	0.333	0.238	0.238	0.238	0.25	0.211	0.211	0.211	0.211	0.286	0.438	0.444	0.6	0.35	0.368	0.368
Ud          0.476	0.476	0.476	0.476	0.545	0.476	0.5	0.524	0.5	0.5	0.421	0.45	0.421	0.45	0.45	0.45	0.45	0.45	0.429	0.45	0.45	0.45	0.45	0.421	0.421	0.3	0.35	0.4	0.35	0.35	0.667	0.667	0.583	0.667	0.409	0.4	0.273	0.238	0.25	0.2	0.048	0.0	0.286	0.273	0.273	0.273	0.286	0.25	0.25	0.25	0.25	0.238	0.375	0.389	0.6	0.381	0.4	0.4
Yu          0.476	0.5	0.476	0.5	0.545	0.476	0.5	0.545	0.542	0.542	0.474	0.5	0.474	0.524	0.5	0.524	0.5	0.5	0.476	0.524	0.524	0.524	0.524	0.524	0.524	0.409	0.409	0.476	0.381	0.381	0.6	0.6	0.615	0.615	0.478	0.5	0.455	0.4	0.444	0.4	0.333	0.286	0.0	0.364	0.364	0.364	0.333	0.25	0.3	0.3	0.3	0.238	0.438	0.444	0.571	0.55	0.429	0.429
Ev1          0.5	0.5	0.5	0.455	0.524	0.5	0.522	0.476	0.429	0.429	0.5	0.524	0.5	0.524	0.524	0.524	0.524	0.524	0.524	0.474	0.474	0.474	0.474	0.571	0.571	0.333	0.333	0.429	0.4	0.4	0.6	0.6	0.643	0.643	0.545	0.524	0.333	0.35	0.412	0.35	0.238	0.273	0.364	0.0	0.0	0.0	0.19	0.15	0.15	0.15	0.15	0.286	0.588	0.611	0.619	0.421	0.45	0.45
Ev2          0.5	0.5	0.5	0.455	0.524	0.5	0.522	0.476	0.429	0.429	0.5	0.524	0.5	0.524	0.524	0.524	0.524	0.524	0.524	0.474	0.474	0.474	0.474	0.571	0.571	0.333	0.333	0.429	0.4	0.4	0.6	0.6	0.643	0.643	0.545	0.524	0.333	0.35	0.412	0.35	0.238	0.273	0.364	0.0	0.0	0.0	0.19	0.15	0.15	0.15	0.15	0.286	0.588	0.611	0.619	0.421	0.45	0.45
Ek          0.5	0.5	0.5	0.455	0.524	0.5	0.522	0.476	0.429	0.429	0.5	0.524	0.5	0.524	0.524	0.524	0.524	0.524	0.524	0.474	0.474	0.474	0.474	0.571	0.571	0.333	0.333	0.429	0.4	0.4	0.6	0.6	0.643	0.643	0.545	0.524	0.333	0.35	0.412	0.35	0.238	0.273	0.364	0.0	0.0	0.0	0.19	0.15	0.15	0.15	0.15	0.286	0.588	0.611	0.619	0.421	0.45	0.45
Ya          0.524	0.524	0.524	0.476	0.55	0.524	0.545	0.5	0.45	0.45	0.526	0.55	0.526	0.55	0.55	0.55	0.55	0.55	0.55	0.5	0.5	0.5	0.5	0.526	0.526	0.35	0.35	0.45	0.421	0.421	0.556	0.556	0.583	0.583	0.524	0.5	0.263	0.176	0.438	0.368	0.25	0.286	0.333	0.19	0.19	0.19	0.0	0.105	0.056	0.056	0.056	0.211	0.562	0.588	0.619	0.389	0.389	0.389
Uz          0.5	0.5	0.5	0.45	0.526	0.5	0.524	0.474	0.421	0.421	0.471	0.5	0.471	0.5	0.5	0.5	0.5	0.5	0.5	0.438	0.438	0.438	0.438	0.5	0.5	0.316	0.316	0.421	0.353	0.353	0.6	0.6	0.5	0.5	0.5	0.474	0.316	0.235	0.4	0.333	0.211	0.25	0.25	0.15	0.15	0.15	0.105	0.0	0.056	0.056	0.056	0.211	0.533	0.562	0.619	0.353	0.353	0.353
Kaz          0.5	0.5	0.5	0.45	0.526	0.5	0.524	0.474	0.421	0.421	0.5	0.526	0.5	0.526	0.526	0.526	0.526	0.526	0.526	0.471	0.471	0.471	0.471	0.5	0.5	0.316	0.316	0.421	0.389	0.389	0.556	0.556	0.583	0.583	0.5	0.474	0.316	0.235	0.4	0.333	0.211	0.25	0.3	0.15	0.15	0.15	0.056	0.056	0.0	0.0	0.0	0.167	0.533	0.562	0.6	0.353	0.353	0.353
Kyr          0.5	0.5	0.5	0.45	0.526	0.5	0.524	0.474	0.421	0.421	0.5	0.526	0.5	0.526	0.526	0.526	0.526	0.526	0.526	0.471	0.471	0.471	0.471	0.5	0.5	0.316	0.316	0.421	0.389	0.389	0.556	0.556	0.583	0.583	0.5	0.474	0.316	0.235	0.4	0.333	0.211	0.25	0.3	0.15	0.15	0.15	0.056	0.056	0.0	0.0	0.0	0.167	0.533	0.562	0.6	0.353	0.353	0.353
Tur          0.5	0.5	0.5	0.45	0.526	0.5	0.524	0.474	0.421	0.421	0.5	0.526	0.5	0.526	0.526	0.526	0.526	0.526	0.526	0.471	0.471	0.471	0.471	0.5	0.5	0.316	0.316	0.421	0.389	0.389	0.556	0.556	0.583	0.583	0.5	0.474	0.316	0.235	0.4	0.333	0.211	0.25	0.3	0.15	0.15	0.15	0.056	0.056	0.0	0.0	0.0	0.167	0.533	0.562	0.6	0.353	0.353	0.353
Bur          0.45	0.476	0.45	0.476	0.524	0.45	0.476	0.524	0.522	0.522	0.474	0.5	0.474	0.524	0.5	0.524	0.5	0.5	0.476	0.524	0.524	0.524	0.524	0.5	0.5	0.35	0.35	0.45	0.3	0.3	0.667	0.667	0.692	0.692	0.455	0.4	0.381	0.316	0.412	0.316	0.286	0.238	0.238	0.286	0.286	0.286	0.211	0.211	0.167	0.167	0.167	0.0	0.5	0.5	0.579	0.474	0.368	0.368
cB          0.5	0.48	0.5	0.417	0.522	0.458	0.458	0.609	0.636	0.636	0.5	0.474	0.444	0.5	0.526	0.55	0.526	0.526	0.55	0.588	0.588	0.588	0.588	0.6	0.6	0.444	0.5	0.471	0.529	0.529	0.75	0.75	0.444	0.556	0.55	0.619	0.7	0.533	0.5	0.467	0.438	0.375	0.438	0.588	0.588	0.588	0.562	0.533	0.533	0.533	0.533	0.5	0.0	0.158	0.696	0.611	0.588	0.588
wB          0.52	0.5	0.52	0.44	0.52	0.48	0.48	0.625	0.565	0.565	0.526	0.5	0.474	0.524	0.55	0.571	0.55	0.55	0.476	0.5	0.5	0.5	0.5	0.55	0.55	0.389	0.444	0.412	0.444	0.444	0.75	0.75	0.444	0.556	0.476	0.571	0.682	0.529	0.5	0.471	0.444	0.389	0.444	0.611	0.611	0.611	0.588	0.562	0.562	0.562	0.562	0.5	0.158	0.0	0.708	0.667	0.5	0.5
Wo          0.577	0.593	0.593	0.607	0.6	0.593	0.593	0.5	0.577	0.577	0.583	0.56	0.6	0.56	0.577	0.593	0.577	0.577	0.654	0.619	0.619	0.619	0.619	0.6	0.6	0.565	0.545	0.609	0.682	0.682	0.4	0.4	0.667	0.643	0.593	0.63	0.667	0.667	0.684	0.65	0.6	0.6	0.571	0.619	0.619	0.619	0.619	0.619	0.6	0.6	0.6	0.579	0.696	0.708	0.0	0.636	0.65	0.65
Mal          0.619	0.619	0.619	0.636	0.571	0.636	0.652	0.579	0.6	0.6	0.579	0.619	0.6	0.619	0.619	0.619	0.619	0.619	0.619	0.556	0.556	0.556	0.556	0.6	0.6	0.5	0.556	0.556	0.611	0.611	0.7	0.7	0.545	0.636	0.55	0.526	0.476	0.368	0.562	0.421	0.35	0.381	0.55	0.421	0.421	0.421	0.389	0.353	0.353	0.353	0.353	0.474	0.611	0.667	0.636	0.0	0.529	0.529
Arc          0.45	0.45	0.45	0.45	0.5	0.45	0.45	0.421	0.4	0.4	0.444	0.389	0.444	0.389	0.389	0.389	0.389	0.389	0.4	0.368	0.368	0.368	0.368	0.353	0.353	0.316	0.316	0.45	0.263	0.263	0.75	0.75	0.727	0.727	0.429	0.421	0.444	0.412	0.444	0.474	0.368	0.4	0.429	0.45	0.45	0.45	0.389	0.353	0.353	0.353	0.353	0.368	0.588	0.5	0.65	0.529	0.0	0.0
Lak          0.45	0.45	0.45	0.45	0.5	0.45	0.45	0.421	0.4	0.4	0.444	0.389	0.444	0.389	0.389	0.389	0.389	0.389	0.4	0.368	0.368	0.368	0.368	0.353	0.353	0.316	0.316	0.45	0.263	0.263	0.75	0.75	0.727	0.727	0.429	0.421	0.444	0.412	0.444	0.474	0.368	0.4	0.429	0.45	0.45	0.45	0.389	0.353	0.353	0.353	0.353	0.368	0.588	0.5	0.65	0.529	0.0	0.0
